version https://git-lfs.github.com/spec/v1
oid sha256:8f0db62ff527304cdf36d04b294c7c7f77894acfa7f5de50d44689d1264a881b
size 92
