version https://git-lfs.github.com/spec/v1
oid sha256:d8e2ec001226043966708a29df159fb15790a191a08e5ccf69768a2da2f14f6d
size 94
